2,1
3,1
4,1
5,1
6,1
7,1
8,1
9,1
10,1
11,1
12,1
13,2
14,1
15,1
16,1
17,1
18,1
19,1
20,2
21,3
22,1
23,1
24,partial algebra factors
25,1
26,1
27,2
28,1
29,1
30,1
31,1
32,1
33,1
34,covering set
35,2
36,1
37,3
38,1
39,1
40,1
41,2
42,1
43,1
44,1
45,1
46,2
47,1
48,294
49,1
50,6
51,1
52,1
53,1
54,partial algebra factors
55,2
56,1
57,3
58,1
59,1
60,1
61,1
62,2
63,2
64,1
65,1
66,1
67,1
68,2
69,covering set
70,1
71,38
72,1
73,2
74,1
75,1
76,4
77,1
78,1
79,3
80,1
81,1
82,1
83,2
84,1
85,1
86,1
87,1
88,5
89,11
90,20
91,1
92,6
93,1
94,1
95,1
96,2
97,2
98,1
99,1
100,1
101,2
102,2
103,1
104,covering set
105,3
106,1
107,1
108,1
109,1
110,1
111,4
112,9
113,1
114,1
115,2
116,1
117,1
118,210
119,665
120,1
121,2
122,2
123,7
124,1
125,24
126,1
127,1
128,6
129,1
130,2
131,1
132,2
133,1
134,5
135,1
136,1
137,1
138,1
139,covering set
140,1
141,2
142,3
143,1
144,1
145,4
146,2
147,1
148,1
149,5
150,2
151,1
152,1
153,2
154,1989
155,1
156,7
157,1
158,1
159,1
160,8
161,1
162,1
163,1
164,1
165,86
166,1
167,34
168,2
169,1
170,1
171,2
172,1
173,2
174,covering set
175,1
176,1
177,1
178,118
179,39
180,18
181,2
182,1
183,1
184,1
185,1
186,1
187,2
188,950
189,3
190,4
191,1
192,1
193,2
194,1
195,38
196,2
197,1
198,1
199,1
200,2
201,1
202,6
203,1
204,1
205,1
206,2
207,2
208,2
209,covering set
210,1
211,9
212,2
213,1
214,1
215,1
216,2
217,1
218,1
219,5
220,1
221,3
222,2
223,2
224,25
225,2
226,1
227,1
228,1
229,1
230,2
231,1
232,3
233,10
234,NA
235,1
236,1
237,2
238,1
239,1
240,1
241,2
242,1
243,11
244,covering set
245,7
246,3
247,1
248,1
249,1
250,1
251,8
252,1
253,6
254,1
255,5
256,1
257,2
258,NA
259,1
260,1
261,1
262,1
263,2
264,1
265,2
266,14
267,1
268,1
269,1
270,1
271,2
272,NA
273,1
274,3
275,3
276,1
277,2
278,1
279,covering set
280,2
281,1
282,29
283,1
284,9
285,1
286,8
287,1
288,2
289,1
290,2
291,1
292,2
293,6
294,partial algebra factors
295,3
296,8
297,89
298,1
299,NA
300,96
301,3
302,1
303,283
304,1
305,2
306,1
307,NA
308,1
309,73
310,16
311,1
312,1
313,1
314,covering set
315,1
316,1
317,1
318,1
319,1
320,8
321,12
322,1
323,7
324,3
325,1
326,6
327,6
328,2
329,1
330,1
331,1
332,2
333,1
334,1
335,2
336,3
337,35
338,1
339,121
340,1
341,1
342,2
343,6
344,1
345,1
346,19
347,1
348,1
349,covering set
350,1
351,1
352,1
353,6
354,NA
355,1
356,2
357,1
358,2
359,1
360,4
361,1
362,26
363,2
364,7
365,6
366,1
367,29
368,1
369,1
370,4
371,4
372,5
373,1
374,1
375,10
376,828
377,6
378,1
379,1
380,2
381,1
382,2
383,1
384,covering set
385,1
386,1
387,2
388,5
389,1
390,1
391,12
392,1
393,1
394,5
395,14
396,2
397,1
398,2
399,1
400,1
401,2
402,1
403,1
404,1
405,2
406,1
407,1
408,1
409,85
410,1
411,4
412,NA
413,1
414,17
415,2
416,1
417,23
418,2
419,covering set
420,8
421,24
422,1
423,2
424,1
425,1
426,2
427,7
428,2
429,9
430,1
431,2
432,1
433,NA
434,7
435,1
436,1
437,1
438,2
439,1
440,2
441,4
442,3
443,1
444,1
445,2
446,4
447,2
448,1
449,1
450,1
451,1
452,1
453,113
454,covering set
455,1
456,1
457,1
458,11
459,1
460,6
461,4
462,6
463,1
464,3
465,1
466,2
467,1
468,2
469,255
470,1
471,8
472,5
473,1
474,1
475,42
476,1
477,1
478,5
479,7
480,1
481,1
482,6
483,1
484,1
485,1
486,4
487,26
488,1
489,covering set
490,1
491,2
492,2
493,1
494,1
495,1
496,2
497,2
498,5
499,21
500,1
501,1
502,1
503,22
504,1
505,2
506,1
507,1
508,10
509,11
510,1638
511,1
512,6
513,2
514,1
515,1
516,1
517,6
518,3
519,29
520,1
521,2
522,9
523,1
524,covering set
525,2
526,1
527,42
528,1
529,141
530,2
531,6
532,1
533,3
534,1
535,1
536,1
537,1
538,14
539,29
540,9
541,2
542,1
543,1
544,4411
545,4
546,2
547,22
548,2
549,NA
550,1
551,1
552,2
553,NA
554,1
555,1
556,62
557,2
558,1
559,covering set
560,1
561,1
562,1
563,5
564,13
565,1
566,12
567,6
568,1
569,1
570,30
571,2
572,2
573,NA
574,5
575,1
576,1
577,1
578,1
579,49
580,6
581,2
582,1
583,3
584,17
585,23
586,6
587,2
588,1
589,1
590,1
591,1
592,2
593,1
594,covering set
595,2
596,672
597,1
598,13
599,1
600,20
601,4
602,2
603,1
604,1
605,2
606,1
607,43
608,6
609,5
610,1
611,1
612,1
613,1
614,191
615,2
616,1
617,1
618,23
619,NA
620,1
621,7
622,10
623,4110
624,455
625,7
626,1
627,1
628,1
629,covering set
630,1
631,1
632,2
633,1
634,1
635,NA
636,6
637,1
638,2
639,1
640,6
641,1
642,1
643,2
644,1
645,8
646,4
647,1
648,2
649,11
650,6
651,3
652,1
653,1
654,1
655,1
656,1
657,2
658,1
659,27
660,1043
661,8
662,3
663,6
664,covering set
665,1
666,2
667,1
668,1
669,1
670,1
671,20
672,5
673,2
674,9
675,1
676,1
677,6
678,NA
679,1
680,1
681,2
682,1
683,2
684,19
685,96
686,1
687,5
688,1
689,1
690,1
691,1
692,NA
693,1
694,3
695,384
696,8
697,19
698,17
699,covering set
700,2
701,2
702,1
703,1
704,5
705,1
706,2
707,1
708,2
709,1
710,1
711,1
712,1
713,2
714,1
715,1
716,1
717,6
718,5
719,NA
720,2
721,4
722,2
723,1
724,263
725,1
726,360
727,42
728,29
729,1
730,2
731,1
732,1
733,1
734,covering set
735,1
736,1
737,1
738,535
739,5
740,5
741,2
742,1
743,1
744,1
745,64
746,2
747,1
748,6
749,1
750,NA
751,4
752,2
753,1
754,1
755,18
756,1
757,7
758,1
759,761
760,2
761,30
762,2
763,2
764,1
765,4
766,1
767,53
768,NA
769,covering set
770,9
771,2
772,42
773,1
774,1
775,1
776,2
777,2
778,2
779,1
780,1
781,1
782,1
783,5022
784,1
785,4
786,3
787,1
788,2
789,1
790,6
791,2
792,1
793,5
794,7
795,2
796,10
797,2
798,1
799,1
800,1
801,16
802,7
803,1
804,covering set
805,2
806,1
807,3
808,2
809,7
810,2
811,114
812,1
813,1
814,5
815,1
816,4
817,2
818,2
819,407
820,1
821,8
822,1
823,1
824,1
825,2
826,1
827,9
828,1
829,1
830,6
831,1
832,6
833,2
834,1
835,1
836,16
837,1
838,2
839,covering set
840,1
841,1
842,1
843,19
844,145
845,19
846,2
847,1
848,1
849,19
850,1
851,1
852,7
853,234
854,17
855,2
856,2
857,NA
858,1
859,1
860,4
861,1
862,1
863,2
864,partial algebra factors
865,1
866,1
867,NA
868,2
869,111
870,7
871,2
872,1
873,1
874,covering set
875,5
876,1
877,1
878,NA
879,1
880,1
881,12
882,3
883,1
884,1
885,1
886,1
887,2
888,6
889,1
890,2
891,1
892,1
893,2
894,NA
895,50
896,2
897,1
898,1
899,1
900,1
901,2
902,2
903,1
904,3
905,4
906,1
907,1
908,7
909,covering set
910,3959
911,1
912,1
913,1
914,1
915,2275
916,140
917,1
918,1
919,11
920,1
921,2
922,1
923,114
924,329
925,2
926,4
927,25
928,2
929,1
930,2
931,1
932,1
933,2
934,1411
935,3
936,1
937,18
938,13
939,11
940,1
941,1
942,1
943,1
944,covering set
945,1
946,57
947,3
948,2
949,1
950,2
951,22
952,1
953,1
954,NA
955,4
956,12
957,1
958,2
959,785
960,3
961,1
962,2
963,10
964,1
965,10
966,12
967,1
968,1
969,1
970,4
971,10
972,NA
973,15
974,1
975,1
976,1
977,1
978,1
979,covering set
980,1
981,3
982,3
983,1
984,1
985,2
986,NA
987,5
988,1
989,5
990,1
991,14
992,22
993,18
994,3
995,4
996,3
997,1
998,1
999,NA
1000,998
1001,1
1002,1
1003,78
1004,655
1005,1
1006,16
1007,2
1008,1
1009,1
1010,5
1011,1
1012,2
1013,2
1014,covering set
1015,1
1016,61
1017,1
1018,2
1019,1
1020,25
1021,2
1022,1
1023,3
1024,1
